P = [ 0,        0.3125, 0.6875; 
      0.58333,  0,      0.41666;
      0.75,     0.25,   0];
  
P2 = P*P

P3 = P*P2